03721
02648
49366
22739
71086
58983
02346
27422
15998
27502
40836
60161
24149
56859
21029
21495
60455
84086
64687
77501
58313
57890
94882
27278
62125
35668
31737
09485
84140
44477
04245
27503
32371
99892
21783
98297
40011
67770
02899
08902
68133
79228
53007
51911
99971
32447
55761
68816
57312
51810
43550
97999
51741
61584
87525
42826
98931
09177
67794
20090
82228
39112
49460
02828
37107
22439
31501
97412
98176
04720
10914
05350
02603
80394
06645
51121
74045
42726
72233
31315
64934
96550
30042
36843
98227
59647
52647
26949
88575
46515
82645
73292
24984
55906
51429
41869
86625
34544
44063
69666
22230
97906
74701
41742
13158
53451
15669
48730
97006
68468
95100
39466
83537
58458
86689
71198
02611
56477
79375
94090
25904
41776
00019
54443
32435
23199
61268
75132
08251
80934
99171
84401
19125
19883
96460
64328
52900
18308
91576
78887
04708
92313
27651
03623
34345
40253
95912
62585
79305
21666
43142
49332
14507
96105
39667
60702
87622
23240
90090
60998
42668
99677
51708
80816
65222
28328
25162
16980
19017
18557
84331
85716
99564
02996
98895
28098
08111
19050
73291
69150
53978
11901
82269
66386
61027
77783
39814
72684
44460
91042
51806
18848
52516
73312
17152
16926
13115
94363
19996
63699
76077
64884
60599
61098
02078
23504
30650
14636
23323
79823
66073
38900
43373
63392
95274
90332
58749
33764
90079
21079
87274
68043
37377
33908
41816
25411
28278
24720
17111
01648
05229
26548
36373
14309
76016
74243
80146
41131
13427
37867
74468
54907
24764
48307
58625
89999
82264
61160
65369
41876
09341
32168
31207
38541
16650
86853
54482
17705
49595
80035
16884
47161
72770
53000
78182
29885
44546
90139
86160
31381
32294
18822
70592
82548
58758
01288
35822
72940
71246
61307
30702
13564
39422
48698
94215
25546
53429
80858
11257
92434
18049
61523
37151
78056
88280
78089
99626
45275
09621
58922
00771
49017
22500
14518
01300
26630
43107
63909
88871
96682
89253
44801
66664
88004
13089
12803
99053
22221
13686
43696
96681
29087
37492
57367
04067
15070
12244
85349
61797
81282
69106
72125
91808
62453
07869
15001
99470
70330
02637
46364
47727
34387
96087
46817
40145
20723
09335
80054
98106
39620
89400
08103
12306
93866
10147
57647
08477
76553
43202
63714
67200
81602
33742
26749
11316
14086
21638
62328
86889
08670
52560
29134
47241
95344
89617
58342
09690
71627
82050
93525
07917
43852
08805
20628
85824
71109
61854
53114
63061
53490
70812
67749
09578
87996
12901
41321
09561
08908
06536
07353
16872
98219
44701
12598
83637
77269
84614
00083
41259
79196
22874
11155
95488
91050
62862
96354
41135
66609
05381
69808
74139
30831
97553
39965
51950
57955
67387
57683
60673
80751
14165
